  -1.8798828e-02
  -5.0201416e-02
  -9.0118408e-02
  -1.2615967e-01
  -1.5585327e-01
  -1.5536499e-01
  -1.4184570e-01
  -1.2393188e-01
  -8.8073730e-02
  -3.9916992e-02
   2.9785156e-02
   9.6191406e-02
   1.3928223e-01
   1.7965698e-01
             NaN
             NaN
             NaN
             NaN
   1.8557739e-01
   1.4840698e-01
   1.0751343e-01
   7.6934814e-02
   2.7740479e-02
  -1.0681152e-02
  -3.5125732e-02
  -5.5206299e-02
  -5.6427002e-02
  -5.7586670e-02
  -5.7586670e-02
  -4.5562744e-02
  -4.2053223e-02
  -3.3142090e-02
  -2.7435303e-02
  -2.5512695e-02
  -1.5747070e-02
  -8.4228516e-03
   1.7700195e-03
   7.1411133e-03
   2.7160645e-03
   6.9580078e-03
   1.5838623e-02
   2.8045654e-02
   3.7414551e-02
   3.3050537e-02
   3.0731201e-02
   2.5939941e-02
   2.0446777e-02
   1.4770508e-02
   3.6315918e-03
  -6.7749023e-03
  -1.6265869e-02
  -3.0609131e-02
  -4.2877197e-02
  -5.9661865e-02
  -6.9976807e-02
  -7.7697754e-02
  -9.0576172e-02
  -1.0662842e-01
  -1.2487793e-01
  -1.4816284e-01
  -1.6259766e-01
  -1.7324829e-01
  -1.8154907e-01
  -1.8661499e-01
  -1.9415283e-01
             NaN
             NaN
             NaN
             NaN
             NaN
             NaN
             NaN
             NaN
             NaN
  -9.7656250e-02
   1.1566162e-02
   1.2509155e-01
   1.9958496e-01
             NaN
             NaN
             NaN
             NaN
             NaN
             NaN
             NaN
   1.9100952e-01
   5.9722900e-02
  -4.9438477e-02
  -1.5188599e-01
             NaN
             NaN
             NaN
             NaN
             NaN
             NaN
  -1.6900635e-01
  -8.5845947e-02
  -2.4414062e-04
   6.9366455e-02
   1.3308716e-01
             NaN
             NaN
             NaN
             NaN
             NaN
             NaN
   1.5972900e-01
   1.0021973e-01
   6.2683105e-02
   2.8808594e-02
   2.3406982e-02
   1.1291504e-02
  -7.3242188e-03
   8.0261230e-03
   2.5634766e-02
   5.7769775e-02
   7.9711914e-02
   6.6436768e-02
   5.3405762e-02
   2.4414062e-02
  -3.9367676e-03
  -2.6428223e-02
  -7.0648193e-02
  -1.0989380e-01
  -1.4364624e-01
  -1.5789795e-01
  -1.4102173e-01
  -1.2335205e-01
  -8.5693359e-02
  -2.6153564e-02
   4.2205811e-02
   1.1846924e-01
   1.6891479e-01
             NaN
             NaN
             NaN
             NaN
             NaN
             NaN
   1.6928101e-01
   1.1636353e-01
   7.7575684e-02
   3.4271240e-02
  -2.1606445e-02
  -5.5419922e-02
  -8.0535889e-02
  -9.2468262e-02
  -8.8592529e-02
  -8.7951660e-02
  -7.4035645e-02
  -5.8898926e-02
  -4.4738770e-02
  -2.9846191e-02
  -2.3040771e-02
  -7.1716309e-03
   1.1199951e-02
   2.3193359e-02
   2.9022217e-02
   2.0843506e-02
   1.7669678e-02
   2.4932861e-02
   3.3233643e-02
   3.7872314e-02
   2.9449463e-02
   1.8493652e-02
   1.1199951e-02
   2.5939941e-03
  -6.9885254e-03
  -2.1911621e-02
  -3.7841797e-02
  -5.2368164e-02
  -7.0983887e-02
  -9.0515137e-02
  -1.1077881e-01
  -1.2622070e-01
  -1.3562012e-01
  -1.4767456e-01
  -1.6009521e-01
  -1.8307495e-01
  -1.9601440e-01
  -1.9946289e-01
             NaN
  -1.9775391e-01
             NaN
             NaN
             NaN
             NaN
             NaN
             NaN
             NaN
             NaN
  -1.0232544e-01
   4.3334961e-03
   1.1816406e-01
   1.8673706e-01
             NaN
             NaN
             NaN
             NaN
             NaN
             NaN
             NaN
   1.9122314e-01
   6.1218262e-02
  -6.3049316e-02
  -1.7196655e-01
             NaN
             NaN
             NaN
             NaN
             NaN
             NaN
  -1.7199707e-01
  -8.8653564e-02
  -2.2583008e-03
   7.4768066e-02
   1.5826416e-01
             NaN
             NaN
             NaN
             NaN
             NaN
             NaN
   1.5759277e-01
   1.0104370e-01
   6.2438965e-02
   3.4606934e-02
   2.9998779e-02
   1.0986328e-02
  -1.9226074e-03
   1.5045166e-02
   3.6315918e-02
   6.7657471e-02
   7.9742432e-02
   6.5765381e-02
   5.3344727e-02
   3.0975342e-02
   1.0040283e-02
  -1.5716553e-02
  -5.9082031e-02
  -9.6954346e-02
  -1.2756348e-01
  -1.3540649e-01
  -1.2371826e-01
  -1.0894775e-01
  -6.9366455e-02
  -9.5520020e-03
   6.0668945e-02
   1.3574219e-01
   1.9140625e-01
             NaN
             NaN
             NaN
             NaN
             NaN
             NaN
   1.8939209e-01
   1.3125610e-01
   7.1380615e-02
   4.5776367e-04
  -6.6345215e-02
  -1.1416626e-01
  -1.4270020e-01
  -1.4761353e-01
  -1.4172363e-01
  -1.2377930e-01
  -9.3627930e-02
  -6.0424805e-02
  -2.8259277e-02
   0.0000000e+00
   2.4597168e-02
   4.8156738e-02
   6.7352295e-02
   7.2265625e-02
   5.9417725e-02
   3.9978027e-02
   2.4536133e-02
   1.7028809e-02
   1.1535645e-02
  -7.3242188e-04
  -1.8798828e-02
  -3.5247803e-02
  -4.6051025e-02
  -5.2001953e-02
  -6.3903809e-02
  -7.9406738e-02
  -1.0079956e-01
  -1.1679077e-01
  -1.3278198e-01
  -1.5429688e-01
  -1.7044067e-01
  -1.8469238e-01
  -1.9458008e-01
  -1.9647217e-01
             NaN
             NaN
             NaN
             NaN
             NaN
             NaN
             NaN
             NaN
             NaN
             NaN
  -8.2489014e-02
   1.1230469e-02
   1.2005615e-01
   1.7654419e-01
             NaN
             NaN
             NaN
             NaN
             NaN
             NaN
             NaN
   1.8637085e-01
   6.8847656e-02
  -3.1280518e-02
  -1.3348389e-01
             NaN
             NaN
             NaN
             NaN
             NaN
             NaN
             NaN
  -1.4663696e-01
  -6.4575195e-02
   4.6691895e-03
   9.9273682e-02
   1.9891357e-01
             NaN
             NaN
             NaN
             NaN
             NaN
   1.6888428e-01
   1.2677002e-01
   9.0209961e-02
   5.3680420e-02
   3.2928467e-02
  -1.0986328e-02
  -3.0761719e-02
  -1.8737793e-02
  -4.4860840e-03
   2.3956299e-02
   2.7069092e-02
   1.8280029e-02
   1.2512207e-02
  -4.6997070e-03
  -9.0637207e-03
  -2.5451660e-02
  -5.2551270e-02
  -7.2998047e-02
  -9.7137451e-02
  -9.3048096e-02
  -7.4981689e-02
  -5.0079346e-02
   7.6904297e-03
   6.5368652e-02
   1.3668823e-01
             NaN
             NaN
             NaN
             NaN
             NaN
             NaN
             NaN
             NaN
   1.4685059e-01
   6.5551758e-02
   3.4179688e-03
  -6.1340332e-02
  -1.1251831e-01
  -1.4355469e-01
  -1.5982056e-01
  -1.3980103e-01
  -1.1520386e-01
  -8.4960938e-02
  -4.1900635e-02
  -7.9956055e-03
   2.8015137e-02
   4.9926758e-02
   5.5175781e-02
   5.8441162e-02
   5.3466797e-02
   4.2663574e-02
   2.0843506e-02
  -9.2773438e-03
  -3.2928467e-02
  -4.8126221e-02
  -5.1605225e-02
  -5.4351807e-02
  -5.9112549e-02
  -6.4727783e-02
  -7.1014404e-02
  -7.6660156e-02
  -7.9223633e-02
  -8.2366943e-02
  -9.2254639e-02
  -1.0647583e-01
  -1.2887573e-01
  -1.6064453e-01
  -1.8692017e-01
             NaN
             NaN
             NaN
             NaN
             NaN
             NaN
             NaN
             NaN
             NaN
             NaN
  -1.3888550e-01
  -3.1555176e-02
   9.9609375e-02
   1.7535400e-01
             NaN
             NaN
             NaN
             NaN
             NaN
             NaN
             NaN
             NaN
   9.5764160e-02
  -5.7678223e-03
  -1.0256958e-01
  -1.6116333e-01
             NaN
             NaN
             NaN
             NaN
             NaN
  -1.6806030e-01
  -1.1807251e-01
  -5.2307129e-02
  -8.7585449e-03
   5.0781250e-02
   1.2704468e-01
   1.5673828e-01
   1.8621826e-01
   1.8215942e-01
   1.7102051e-01
   1.6220093e-01
   1.2112427e-01
   1.0220337e-01
   8.8470459e-02
   7.5317383e-02
   8.1481934e-02
   5.6579590e-02
   4.5471191e-02
   5.3405762e-02
   5.6457520e-02
   7.7056885e-02
   7.0281982e-02
   4.4952393e-02
   2.1301270e-02
  -1.7059326e-02
  -3.7902832e-02
  -6.5032959e-02
  -9.6923828e-02
  -1.1569214e-01
  -1.3217163e-01
  -1.2191772e-01
  -1.0369873e-01
  -7.5500488e-02
  -5.8593750e-03
   8.2946777e-02
   1.6143799e-01
             NaN
             NaN
             NaN
             NaN
             NaN
             NaN
             NaN
   1.7428589e-01
   1.0955811e-01
   5.1177979e-02
   2.5024414e-03
  -3.4881592e-02
  -6.4788818e-02
  -7.3486328e-02
  -7.9437256e-02
  -7.5836182e-02
  -5.6488037e-02
  -3.8146973e-02
   2.9296875e-03
   3.3905029e-02
   4.0618896e-02
   4.0985107e-02
   2.7313232e-02
   2.6733398e-02
   2.6611328e-02
   1.2268066e-02
  -7.1716309e-03
  -3.7597656e-02
  -6.1248779e-02
