   1.0000000e+00   5.6743519e-02
  -1.0000000e+00  -6.6558438e-02
   1.0000000e+00   4.1253323e-01
  -1.0000000e+00   1.2876764e-01
   1.0000000e+00   1.8535286e-01
   1.0000000e+00   3.1909155e-01
  -1.0000000e+00   4.1891642e-01
  -1.0000000e+00   5.9623667e-01
   1.0000000e+00   3.2729236e-02
  -1.0000000e+00  -1.8253609e-01
   1.0000000e+00  -2.1867086e-01
   1.0000000e+00  -1.2742095e-01
   1.0000000e+00   3.4116835e-01
   1.0000000e+00   1.2183186e+00
  -1.0000000e+00   1.1863604e+00
  -1.0000000e+00   1.4113931e+00
   1.0000000e+00   7.0667682e-01
   1.0000000e+00   2.0592815e-01
  -1.0000000e+00   1.9043516e-01
   1.0000000e+00   3.1676505e-01
  -1.0000000e+00   2.2944108e-01
  -1.0000000e+00   6.6381814e-02
   1.0000000e+00  -1.2856754e-01
  -1.0000000e+00  -4.3764379e-01
  -1.0000000e+00  -4.6917757e-01
  -1.0000000e+00  -9.1420033e-01
  -1.0000000e+00  -1.0745999e+00
   1.0000000e+00  -1.5593730e+00
  -1.0000000e+00  -1.7440964e+00
  -1.0000000e+00  -9.4288524e-01
  -1.0000000e+00  -1.2399886e+00
   1.0000000e+00  -1.1310003e+00
  -1.0000000e+00  -1.1184378e+00
   1.0000000e+00  -7.2880917e-01
  -1.0000000e+00  -4.7097502e-01
  -1.0000000e+00  -3.3313995e-01
   1.0000000e+00  -2.8091619e-01
   1.0000000e+00  -7.2024571e-01
  -1.0000000e+00  -1.9789558e-03
   1.0000000e+00   1.8432827e-01
   1.0000000e+00   2.3959144e-01
  -1.0000000e+00   6.2573042e-01
   1.0000000e+00   6.9435271e-01
  -1.0000000e+00   5.4151415e-01
   1.0000000e+00   5.1949096e-01
   1.0000000e+00   2.5287430e-01
   1.0000000e+00   6.2193207e-01
  -1.0000000e+00   9.0780984e-01
  -1.0000000e+00   5.8293255e-01
  -1.0000000e+00   3.9408122e-01
  -1.0000000e+00  -7.0106337e-01
   1.0000000e+00  -9.3855370e-01
  -1.0000000e+00  -1.3492259e+00
   1.0000000e+00  -6.3075701e-01
  -1.0000000e+00  -7.4087174e-01
   1.0000000e+00  -2.6435952e-01
  -1.0000000e+00  -1.6196627e-01
   1.0000000e+00  -1.0091155e-01
   1.0000000e+00   1.9804893e-01
   1.0000000e+00   3.9517792e-01
  -1.0000000e+00   1.0000043e+00
   1.0000000e+00   9.6821405e-01
   1.0000000e+00   1.1095004e+00
   1.0000000e+00   8.1260097e-01
   1.0000000e+00   1.4428183e+00
   1.0000000e+00   1.6895638e+00
  -1.0000000e+00   1.8730957e+00
  -1.0000000e+00   1.4577857e+00
  -1.0000000e+00   6.0403140e-01
   1.0000000e+00  -1.3229108e-01
   1.0000000e+00  -5.4310998e-01
  -1.0000000e+00  -4.2556454e-01
   1.0000000e+00   1.6225310e-01
   1.0000000e+00   1.7041129e-01
  -1.0000000e+00   4.5248655e-01
   1.0000000e+00   7.7659960e-01
   1.0000000e+00   6.1184448e-01
  -1.0000000e+00   8.3148090e-01
   1.0000000e+00   9.4435082e-01
   1.0000000e+00   5.6490253e-01
   1.0000000e+00   1.0623234e+00
   1.0000000e+00   1.2799049e+00
   1.0000000e+00   1.6940890e+00
   1.0000000e+00   1.9007908e+00
  -1.0000000e+00   1.8212035e+00
   1.0000000e+00   1.8237882e+00
  -1.0000000e+00   8.9922366e-01
  -1.0000000e+00   5.2579552e-01
   1.0000000e+00   1.0822950e-01
   1.0000000e+00  -4.1314997e-01
  -1.0000000e+00   3.8988049e-02
  -1.0000000e+00   8.7987107e-03
   1.0000000e+00  -6.3546523e-02
  -1.0000000e+00  -4.5595733e-01
  -1.0000000e+00  -3.5563465e-01
   1.0000000e+00  -6.9499038e-01
  -1.0000000e+00  -7.2188184e-01
  -1.0000000e+00  -5.4310394e-01
  -1.0000000e+00  -1.0821714e+00
   1.0000000e+00  -1.0265607e+00
